conversietabellen van types IRtc									
T[degC]	K-98.6	K-50	K-80	K-140	K-180	K-240	K-280	K-340	K-440
-17.77777778	-0.152784171	-0.374953691	-0.237991017	0.05838955	0.16573087	0.255981028	0.380526656	0.452129947	0.543593217
-15	-0.103462171	-0.316154916	-0.185034468	0.098703807	0.201466419	0.287866901	0.40709996	0.475648969	0.563210818
-12.22222222	-0.050769989	-0.25333841	-0.128459387	0.141772745	0.239643784	0.321931542	0.435489023	0.500775052	0.584168895
-9.444444444	0.005339028	-0.186448554	-0.068215684	0.187634497	0.280296768	0.358205112	0.465718981	0.52753044	0.606486002
-6.666666667	0.064911525	-0.115429741	-0.004253275	0.23632719	0.323459168	0.396717766	0.497814965	0.555937376	0.630180692
-3.888888889	0.127994129	-0.040226387	0.0634779	0.287888934	0.369164765	0.437499647	0.531802095	0.586018095	0.655271512
-1.111111111	0.194633431	0.039217053	0.135027868	0.342357811	0.417447316	0.480580875	0.567705474	0.617794812	0.681776992
1.666666667	0.264875974	0.122956063	0.210446599	0.399771865	0.468340544	0.52599154	0.605550178	0.651289722	0.709715644
4.444444444	0.338768231	0.211046048	0.289783994	0.460169081	0.52187812	0.573761687	0.645361245	0.686524986	0.739105954
7.222222222	0.416356588	0.303542305	0.373089855	0.523587373	0.578093653	0.623921302	0.687163667	0.723522722	0.769966372
10	0.497687321	0.4005	0.460413868	0.590064565	0.63702067	0.676500302	0.730982375	0.762304997	0.802315301
12.77777778	0.582806569	0.501974141	0.551805574	0.659638372	0.698692602	0.731528517	0.776842228	0.802893812	0.836171096
15.55555556	0.671760317	0.608019545	0.647314344	0.732346378	0.763142766	0.789035673	0.824768002	0.845311095	0.871552046
18.33333333	0.764594364	0.718690811	0.746989352	0.808226019	0.830404344	0.849051379	0.874784372	0.889578685	0.908476367
21.11111111	0.861354298	0.83404229	0.850879548	0.887314557	0.900510368	0.911605108	0.926915899	0.93571832	0.946962192
23.88888889	0.962085473	0.954128047	0.959033627	0.969649063	0.973493698	0.97672618	0.981187019	0.983751628	0.98702756
26.66666667	1.066832978	1.079001836	1.0715	1.055266392	1.049387002	1.044443744	1.037622025	1.033700109	1.028690405
29.44444444	1.175641612	1.208717062	1.188326767	1.144203159	1.128222738	1.114786761	1.096245052	1.085585124	1.071968545
32.22222222	1.288555852	1.34332675	1.309561683	1.236495722	1.210033134	1.187783988	1.157080064	1.139427884	1.116879672
35	1.405619833	1.482883513	1.435252136	1.332180151	1.294850164	1.263463953	1.22015084	1.195249433	1.163441339
37.77777778	1.526877312	1.627439518	1.565445107	1.431292216	1.382705533	1.341854948	1.285480955	1.253070637	1.211670952
40.55555556	1.652371649	1.777046454	1.70018715	1.533867354	1.473630657	1.422985003	1.353093769	1.312912171	1.261585755
43.33333333	1.782145772	1.931755498	1.839524358	1.639940656	1.567656638	1.50688187	1.423012411	1.374794507	1.313202823
46.11111111	1.916242157	2.091617288	1.983502336	1.74954684	1.664814253	1.593573009	1.495259767	1.438737898	1.366539052
48.88888889	2.054702798	2.256681885	2.132166174	1.862720229	1.765133926	1.683085568	1.56985846	1.504762369	1.421611144
51.66666667	2.197569182	2.42699875	2.285560415	1.979494735	1.868645718	1.77544637	1.646830844	1.572887703	1.4784356
54.44444444	2.344882267	2.602616709	2.443729035	2.099903835	1.975379304	1.870681891	1.726198985	1.643133432	1.537028711
57.22222222	2.496682454	2.783583925	2.606715412	2.223980551	2.085363954	1.968818251	1.80798465	1.715518818	1.597406547
60	2.653009564	2.969947872	2.774562303	2.351757432	2.198628522	2.069881194	1.892209294	1.790062853	1.659584946
62.77777778	2.813902817	3.161755305	2.947311817	2.483266536	2.315201423	2.173896074	1.978894048	1.866784236	1.723579507
65.55555556	2.979400809	3.359052237	3.125005394	2.618539409	2.435110622	2.280887843	2.068059705	1.945701374	1.789405583
68.33333333	3.149541492	3.561883909	3.307683783	2.757607072	2.558383616	2.390881036	2.159726712	2.026832362	1.857078268
71.11111111	3.32436215	3.770294771	3.495387015	2.9005	2.685047419	2.503899758	2.253915159	2.11019498	1.926612391
73.88888889	3.503899383	3.984328456	3.688154389	3.047248109	2.815128549	2.619967669	2.350644764	2.19580668	1.998022511
76.66666667	3.688189089	4.204027758	3.886024445	3.19788074	2.948653015	2.739107976	2.449934866	2.28368458	2.071322906
79.44444444	3.877266441	4.42943461	4.089034951	3.352426643	3.085646302	2.861343419	2.551804419	2.373845453	2.146527565
82.22222222	4.071165879	4.660590066	4.297222883	3.510913968	3.226133361	2.986696262	2.656271974	2.46630572	2.223650186
85	4.269921084	4.897534282	4.510624405	3.673370245	3.370138598	3.115188281	2.763355681	2.561081443	2.302704168
87.77777778	4.473564971	5.140306496	4.729274857	3.839822377	3.517685859	3.246840753	2.873073272	2.658188316	2.3837026
90.55555556	4.682129672	5.388945014	4.953208739	4.010296629	3.668798425	3.381674451	2.985442058	2.757641663	2.466658264
93.33333333	4.895646523	5.643487192	5.182459696	4.184818613	3.823499	3.519709634	3.100478924	2.859456425	2.551583622
96.11111111	5.114146051	5.903969423	5.417060504	4.36341328	3.981809703	3.660966037	3.218200316	2.963647159	2.638490818
98.88888889	5.337657965	6.170427124	5.657043062	4.546104915	4.143752057	3.805462866	3.338622239	3.070228031	2.727391668
101.6666667	5.566211142	6.442894722	5.902438375	4.73291712	4.309346987	3.95321879	3.461760254	3.179212812	2.818297657
104.4444444	5.799833622	6.721405644	6.15327655	4.923872815	4.478614808	4.104251936	3.587629466	3.290614873	2.911219939
107.2222222	6.038552597	7.005992306	6.409586781	5.118994226	4.651575221	4.258579884	3.716244526	3.404447179	3.006169328
110	6.282394402	7.296686104	6.671397345	5.318302877	4.828247308	4.416219658	3.847619623	3.520722289	3.1031563
112.7777778	6.531384512	7.593517406	6.938735593	5.521819591	5.008649525	4.577187728	3.981768482	3.639452351	3.202190987
115.5555556	6.785547532	7.896515546	7.211627944	5.729564479	5.192799699	4.7415	4.118704358	3.760649095	3.303283175
118.3333333	7.044907193	8.205708814	7.490099878	5.941556939	5.380715025	4.909171816	4.258440038	3.88432384	3.406442303
121.1111111	7.309486348	8.521124455	7.774175932	6.157815651	5.572412061	5.080217951	4.400987835	4.010487483	3.511677462
123.8888889	7.579306969	8.842788663	8.063879697	6.378358572	5.767906727	5.254652609	4.546359587	4.1391505	3.61899739
126.6666667	7.854390144	9.170726576	8.359233814	6.60320294	5.9672143	5.432489422	4.694566653	4.270322948	3.728410475
129.4444444	8.134756072	9.504962275	8.660259972	6.832365264	6.170349416	5.61374145	4.845619919	4.404014458	3.839924751
132.2222222	8.420424065	9.845518783	8.966978905	7.065861331	6.377326068	5.798421177	4.999529788	4.540234239	3.953547899
135	8.711412546	10.19241806	9.279410395	7.303706198	6.588157603	5.986540513	5.156306186	4.678991076	4.069287247
137.7777778	9.007739049	10.54568102	9.597573265	7.545914196	6.802856725	6.178110793	5.315958559	4.82029333	4.18714977
140.5555556	9.309420218	10.90532749	9.921485389	7.79249893	7.021435494	6.373142778	5.478495876	4.964148938	4.307142086
143.3333333	9.616471811	11.27137626	10.25116368	8.043473281	7.243905326	6.571646656	5.643926626	5.110565413	4.429270464
146.1111111	9.928908699	11.64384506	10.58662412	8.298849404	7.470276997	6.773632039	5.812258822	5.259549848	4.553540819
148.8888889	10.24674487	12.02275058	10.92788171	8.558638733	7.700560643	6.979107973	5.9835	5.411108913	4.679958715
151.6666667	10.56999344	12.40810842	11.27495054	8.822851982	7.934765759	7.188082931	6.157657223	5.565248858	4.808529365
154.4444444	10.89866663	12.79993319	11.62784373	9.091499148	8.17290121	7.40056482	6.33473708	5.721975516	4.939257635
157.2222222	11.2327758	13.19823841	11.98657349	9.364589517	8.414975224	7.616560983	6.514745692	5.881294304	5.072148043
160	11.57233144	13.60303659	12.35115106	9.642131661	8.660995401	7.836078203	6.69768871	6.043210223	5.20720476
162.7777778	11.91734319	14.01433921	12.7215868	9.924133451	8.910968718	8.059122703	6.88357132	6.207727864	5.344431616
165.5555556	12.2678198	14.43215673	13.09789012	10.21060205	9.164901526	8.285700152	7.072398248	6.374851408	5.483832099
168.3333333	12.6237692	14.85649858	13.48006951	10.50154394	9.422799563	8.515815668	7.264173759	6.544584631	5.625409358
171.1111111	12.98519845	15.28737319	13.86813257	10.79696489	9.684667951	8.749473823	7.458901661	6.716930904	5.769166204
173.8888889	13.3521138	15.72478799	14.26208599	11.09686999	9.950511206	8.986678644	7.656585314	6.891893198	5.915105117
176.6666667	13.72452063	16.16874941	14.66193556	11.40126366	10.22033324	9.227433623	7.857227625	7.06947409	6.063228244
179.4444444	14.10242352	16.61926292	15.06768621	11.71014965	10.49413737	9.471741717	8.06083106	7.24967576	6.213537406
182.2222222	14.48582624	17.07633299	15.47934196	12.02353101	10.77192631	9.719605357	8.267397644	7.4325	6.366034096
185	14.87473172	17.53996314	15.89690597	12.34141017	11.05370221	9.971026448	8.476928966	7.617948217	6.520719488
187.7777778	15.26914212	18.01015592	16.32038057	12.66378887	11.33946661	10.22600638	8.689426182	7.806021434	6.677594436
190.5555556	15.6690588	18.48691297	16.7497672	12.99066824	11.62922051	10.48454603	8.904890024	7.9967203	6.83665948
193.3333333	16.07448233	18.97023495	17.18506648	13.32204872	11.92296432	10.74664577	9.123320801	8.190045087	6.997914849
196.1111111	16.4854125	19.46012163	17.62627819	13.65793017	12.22069789	11.01230546	9.344718405	8.385995701	7.161360462
198.8888889	16.90184836	19.95657186	18.07340131	13.99831179	12.52242052	11.28152449	9.569082317	8.58457168	7.326995935
201.6666667	17.32378818	20.4595836	18.52643397	14.34319218	12.82813098	11.55430175	9.796411609	8.785772204	7.494820585
204.4444444	17.7512295	20.96915389	18.98537354	14.69256932	13.13782746	11.83063563	10.02670495	8.989596099	7.664833431
207.2222222	18.18416912	21.48527893	19.45021658	15.0464406	13.45150766	12.11052408	10.25996063	9.196041839	7.8370332
210	18.62260311	22.00795404	19.92095887	15.40480281	13.76916873	12.39396455	10.49617651	9.405107551	8.011418331
212.7777778	19.06652684	22.53717369	20.39759544	15.76765215	14.0908073	12.68095404	10.73535011	9.616791023	8.187986979
215.5555556	19.51593495	23.07293149	20.88012054	16.13498426	14.41641951	12.9714891	10.97747855	9.831089707	8.366737018
218.3333333	19.97082142	23.61522027	21.36852769	16.50679421	14.74600098	13.26556583	11.22255856	10.04800072	8.547666046
221.1111111	20.43117951	24.164032	21.86280968	16.88307649	15.07954685	13.56317987	11.47058654	10.26752087	8.73077139
223.8888889	20.89700184	24.71935787	22.36295857	17.26382507	15.41705174	13.86432646	11.72155849	10.48964661	8.916050109
226.6666667	21.36828036	25.28118828	22.86896571	17.64903336	15.75850984	14.16900038	11.97547008	10.71437412	9.103499
229.4444444	21.84500635	25.84951285	23.38082174	18.03869425	16.10391482	14.477196	12.23231662	10.94169924	9.2931146
232.2222222	22.32717047	26.42432043	23.89851665	18.43280009	16.45325993	14.78890729	12.49209307	11.17161751	9.484893192
235	22.81476275	27.00559915	24.42203972	18.83134275	16.80653793	15.1041278	12.75479405	11.40412418	9.678830811
237.7777778	23.3077726	27.59333638	24.95137958	19.23431355	17.16374116	15.42285068	13.02041388	11.6392142	9.874923242
240.5555556	23.80618883	28.18751876	25.48652421	19.64170335	17.52486149	15.74506869	13.2889465	11.87688223	10.07316603
243.3333333	24.30999963	28.78813224	26.02746095	20.05350252	17.88989039	16.0707742	13.56038557	12.11712264	10.2735545
246.1111111	24.81919264	29.39516207	26.57417651	20.46970093	18.25881889	16.39995923	13.83472442	12.35992955	10.47608371
248.8888889	25.33375492	30.00859282	27.126657	20.89028801	18.63163762	16.7326154	14.11195608	12.60529676	10.68074852
251.6666667	25.85367294	30.62840838	27.6848879	21.31525271	19.00833677	17.06873397	14.39207327	12.85321785	10.88754355
254.4444444	26.37893265	31.25459199	28.24885412	21.74458354	19.38890617	17.40830586	14.67506841	13.1036861	11.09646322
257.2222222	26.90951947	31.88712625	28.81854	22.17826858	19.77333524	17.75132164	14.96093364	13.35669456	11.30750172
260	27.44541825	32.52599312	29.39392929	22.61629545	20.16161303	18.09777151	15.24966081	13.61223602	11.52065303
262.7777778	27.98661337	33.17117397	29.97500519	23.05865138	20.5537282	18.44764538	15.5412415	13.87030301	11.73591093
265.5555556	28.53308866	33.82264954	30.56175038	23.50532317	20.94966904	18.8009328	15.835667	14.13088784	11.953269
268.3333333	29.08482751	34.4804	31.15414699	23.95629721	21.34942352	19.15762302	16.13292835	14.39398258	12.17272062
271.1111111	29.64181277	35.14440493	31.75217662	24.41155951	21.75297921	19.51770496	16.43301632	14.65957904	12.39425898
273.8888889	30.20402685	35.81464336	32.35582039	24.87109569	22.16032337	19.88116726	16.73592143	14.92766886	12.61787708
276.6666667	30.7714517	36.49109375	32.96505891	25.33489098	22.57144292	20.24799823	17.04163396	15.19824341	12.84356774
279.4444444	31.34406882	37.17373405	33.57987231	25.80293027	22.98632444	20.61818591	17.35014393	15.47129387	13.0713236
282.2222222	31.92185924	37.86254166	34.20024024	26.27519805	23.40495421	20.99171805	17.66144114	15.74681121	13.30113712
285	32.5048036	38.5574935	34.8261419	26.75167851	23.8273182	21.36858213	17.97551514	16.02478619	13.5330006
287.7777778	33.0928821	39.25856595	35.45755604	27.23235545	24.25340205	21.74876534	18.29235527	16.30520936	13.76690615
290.5555556	33.68607454	39.96573494	36.09446097	27.71721236	24.68319113	22.13225464	18.61195065	16.58807109	14.00284575
293.3333333	34.28436032	40.67897591	36.73683457	28.20623241	25.11667052	22.5190367	18.93429018	16.87336157	14.24081121
296.1111111	34.88771845	41.39826383	37.3846543	28.69939844	25.55382501	22.90909795	19.25936255	17.16107078	14.48079417
298.8888889	35.49612758	42.12357326	38.03789723	29.196693	25.99463913	23.30242459	19.58715625	17.45118854	14.72278614
301.6666667	36.10956596	42.85487827	38.69654004	29.69809831	26.43909712	23.69900256	19.91765957	17.74370448	14.96677847
304.4444444	36.72801153	43.59215254	39.360559	30.20359634	26.887183	24.09881759	20.25086063	18.03860808	15.21276239
307.2222222	37.35144184	44.33536934	40.02993003	30.71316874	27.3388805	24.50185518	20.58674732	18.33588864	15.46072897
310	37.97983413	45.08450151	40.70462869	31.22679691	27.79417313	24.90810061	20.92530738	18.6355353	15.71066915
312.7777778	38.6131653	45.83952152	41.38463019	31.74446196	28.25304415	25.31753895	21.26652838	18.93753705	15.96257375
315.5555556	39.25141195	46.60040147	42.06990937	32.26614477	28.71547662	25.73015506	21.6103977	19.24188273	16.21643346
318.3333333	39.89455035	47.36711309	42.76044079	32.79182595	29.18145333	26.14593361	21.95690256	19.54856102	16.47223884
321.1111111	40.54255649	48.13962773	43.45619865	33.32148587	29.6509569	26.56485907	22.30603001	19.85756047	16.72998034
323.8888889	41.19540606	48.91791644	44.15715686	33.85510465	30.1239697	26.98691574	22.65776698	20.1688695	16.9896483
326.6666667	41.85307449	49.70194989	44.86328903	34.39266222	30.60047394	27.41208772	23.0121002	20.48247639	17.25123293
329.4444444	42.51553691	50.49169846	45.57456846	34.93413824	31.08045159	27.84035893	23.3690163	20.79836927	17.51472436
332.2222222	43.18276821	51.28713221	46.29096819	35.4795122	31.56388447	28.27171316	23.72850173	21.11653618	17.78011258
335	43.85474303	52.0882209	47.01246099	36.02876337	32.0507542	28.70613398	24.09054284	21.43696502	18.04738752
337.7777778	44.53143576	52.89493399	47.73901935	36.58187079	32.54104222	29.14360486	24.45512582	21.75964357	18.31653898
340.5555556	45.21282054	53.70724069	48.47061554	37.13881337	33.0347298	29.58410908	24.82223675	22.08455951	18.58755668
343.3333333	45.89887131	54.52510989	49.20722155	37.69956977	33.53179806	30.02762978	25.19186158	22.41170042	18.86043027
346.1111111	46.58956178	55.34851028	49.94880916	38.26411852	34.03222795	30.47414997	25.56398615	22.74105375	19.13514927
348.8888889	47.28486545	56.17741024	50.69534992	38.83243795	34.53600026	30.92365253	25.93859619	23.07260687	19.41170315
351.6666667	47.98475563	57.01177797	51.44681516	39.40450625	35.04309565	31.37612018	26.3156773	23.40634704	19.69008129
354.4444444	48.6892054	57.85158138	52.203176	39.98030142	35.55349465	31.83153554	26.695215	23.74226145	19.97027299
357.2222222	49.39818771	58.69678821	52.96440337	40.55980134	36.06717762	32.2898811	27.07719469	24.08033717	20.25226749
360	50.11167528	59.54736595	53.73046801	41.14298373	36.58412482	32.75113925	27.4616017	24.42056122	20.53605393
362.7777778	50.8296407	60.40328191	54.50134046	41.72982617	37.10431637	33.21529226	27.84842125	24.76292051	20.82162142
365.5555556	51.55205637	61.26450321	55.27699111	42.3203061	37.6277323	33.68232228	28.23763847	25.1074019	21.10895898
368.3333333	52.27889455	62.13099676	56.05739017	42.91440086	38.15435249	34.15221138	28.62923841	25.45399213	21.39805557
371.1111111	53.01012735	63.00272931	56.84250768	43.51208763	38.68415674	34.62494153	29.02320604	25.80267793	21.68890009
373.8888889	53.74572674	63.87966745	57.63231356	44.11334352	39.21712474	35.10049461	29.41952628	26.15344592	21.98148141
376.6666667	54.48566455	64.7617776	58.42677755	44.7181455	39.75323607	35.57885241	29.81818393	26.50628267	22.27578832
379.4444444	55.22991248	65.64902602	59.22586928	45.32647044	40.29247025	36.05999663	30.21916375	26.86117469	22.57180956
382.2222222	55.97844213	66.54137886	60.02955826	45.93829512	40.83480668	36.54390892	30.62245044	27.21810843	22.86953383
385	56.73122497	67.4388021	60.83781384	46.55359623	41.3802247	37.03057082	31.02802863	27.57707028	23.16894979
387.7777778	57.48823236	68.3412616	61.65060528	47.17235036	41.92870357	37.51996383	31.4358829	27.93804661	23.47004605
390.5555556	58.24943559	69.24872312	62.46790175	47.79453402	42.48022246	38.01206938	31.84599776	28.3010237	23.77281118
393.3333333	59.01480581	70.1611523	63.28967228	48.42012366	43.03476049	38.50686882	32.25835768	28.6659878	24.07723371
396.1111111	59.78431412	71.07851466	64.11588583	49.04909564	43.59229671	39.00434347	32.67294708	29.03292515	24.38330215
398.8888889	60.55793153	72.00077563	64.94651128	49.68142627	44.15281012	39.50447458	33.08975035	29.40182189	24.69100497
401.6666667	61.33562896	72.92790057	65.78151742	50.31709178	44.71627965	40.00724336	33.50875182	29.77266419	25.00033059
404.4444444	62.11737728	73.85985474	66.62087295	50.95606836	45.28268419	40.51263098	33.9299358	30.14543813	25.31126744
407.2222222	62.90314727	74.79660332	67.46454652	51.59833213	45.85200258	41.02061854	34.35328654	30.5201298	25.62380389
410	63.69290969	75.73811143	68.31250671	52.24385919	46.42421363	41.53118714	34.77878829	30.89672524	25.93792831
412.7777778	64.48663522	76.68434412	69.16472205	52.89262556	46.99929609	42.04431783	35.20642525	31.27521048	26.25362903
415.5555556	65.2842945	77.63526639	70.02116102	53.54460726	47.57722869	42.55999162	35.6361816	31.6555715	26.57089439
418.3333333	66.08585812	78.5908432	70.88179205	54.19978025	48.15799013	43.07818951	36.0680415	32.03779431	26.88971269
421.1111111	66.89129664	79.55103944	71.74658353	54.85812046	48.74155907	43.59889246	36.50198909	32.42186485	27.21007221
423.8888889	67.70058061	80.51581998	72.61550382	55.51960382	49.32791417	44.12208143	36.9380085	32.80776907	27.53196123
426.6666667	68.51368051	81.48514966	73.48852124	56.1842062	49.91703406	44.64773733	37.37608383	33.1954929	27.85536803
429.4444444	69.33056684	82.45899328	74.36560411	56.85190349	50.50889734	45.1758411	37.81619917	33.58502229	28.18028086
432.2222222	70.15121005	83.43731565	75.2467207	57.52267154	51.10348262	45.70637363	38.25833862	33.97634312	28.50668798
435	70.9755806	84.42008153	76.13183931	58.1964862	51.7007685	46.23931583	38.70248626	34.36944133	28.83457762
437.7777778	71.80364894	85.40725569	77.02092819	58.87332331	52.30073355	46.77464859	39.14862615	34.76430281	29.16393805
440.5555556	72.6353855	86.39880289	77.91395561	59.55315871	52.90335636	47.31235279	39.59674239	35.16091348	29.49475749
443.3333333	73.47076073	87.3946879	78.81088984	60.23596825	53.50861551	47.85240934	40.04681903	35.55925923	29.8270242
446.1111111	74.30974509	88.39487549	79.71169914	60.92172777	54.11648961	48.39479912	40.49884017	35.95932598	30.16072642
448.8888889	75.15230902	89.39933044	80.61635181	61.61041313	54.72695723	48.93950305	40.95278989	36.36109963	30.4958524
451.6666667	75.998423	90.40801756	81.52481612	62.30200019	55.33999699	49.48650202	41.40865227	36.76456612	30.8323904
454.4444444	76.84805753	91.42090165	82.43706041	62.99646483	55.95558752	50.03577697	41.86641142	37.16971137	31.17032868
457.2222222	77.70118311	92.43794758	83.35305301	63.69378295	56.57370744	50.58730883	42.32605146	37.57652131	31.50965551
460	78.55777028	93.45912022	84.2727623	64.39393046	57.1943354	51.14107855	42.7875565	37.9849819	31.85035917
462.7777778	79.41778962	94.48438447	85.19615666	65.09688332	57.81745009	51.69706711	43.2509107	38.39507911	32.19242796
465.5555556	80.28121172	95.5137053	86.12320453	65.80261749	58.4430302	52.2552555	43.71609821	38.80679891	32.53585018
468.3333333	81.14800722	96.5470477	87.05387439	66.51110897	59.07105446	52.81562474	44.18310321	39.2201273	32.88061416
471.1111111	82.0181468	97.5843767	87.98813475	67.2223338	59.70150162	53.37815587	44.65190991	39.63505031	33.22670823
473.8888889	82.89160117	98.62565742	88.92595418	67.93626803	60.33435048	53.94282997	45.12250252	40.05155397	33.57412074
476.6666667	83.76834111	99.67085499	89.86730128	68.65288779	60.96957984	54.50962812	45.59486531	40.46962433	33.92284008
479.4444444	84.64833743	100.7199346	90.81214473	69.37216921	61.60716857	55.07853148	46.06898254	40.88924749	34.27285462
482.2222222	85.531561	101.7728616	91.76045326	70.09408848	62.24709555	55.6495212	46.54483853	41.31040956	34.62415279
485	86.41798276	102.8296013	92.71219563	70.81862185	62.88933973	56.2225785	47.0224176	41.73309666	34.97672302
487.7777778	87.30757367	103.890119	93.66734071	71.54574559	63.53388009	56.7976846	47.50170413	42.15729497	35.33055377
490.5555556	88.2003048	104.9543803	94.6258574	72.27543604	64.18069564	57.37482081	47.98268252	42.58299068	35.68563353
493.3333333	89.09614726	106.0223508	95.58771469	73.00766959	64.82976545	57.95396843	48.4653372	43.01017002	36.0419508
496.1111111	89.99507221	107.093996	96.55288163	73.74242269	65.48106865	58.53510884	48.94965265	43.43881923	36.39949413
498.8888889	90.89705092	108.1692818	97.52132736	74.47967182	66.1345844	59.11822346	49.43561337	43.86892461	36.75825207
501.6666667	91.80205471	109.2481738	98.49302108	75.21939356	66.79029193	59.70329373	49.92320392	44.3004725	37.11821322
504.4444444	92.71005496	110.3306381	99.46793209	75.96156452	67.4481705	60.29030118	50.41240889	44.73344924	37.4793662
507.2222222	93.62102317	111.4166406	100.4460298	76.70616139	68.10819947	60.87922736	50.9032129	45.16784123	37.84169967
510	94.53493088	112.5061474	101.4272835	77.45316091	68.77035821	61.47005388	51.39560064	45.60363492	38.20520232
512.7777778	95.45174974	113.5991247	102.411663	78.20253992	69.43462617	62.06276241	51.88955681	46.04081678	38.56986286
515.5555556	96.37145146	114.6955387	103.3991377	78.95427528	70.10098287	62.65733466	52.38506619	46.47937332	38.93567004
518.3333333	97.29400785	115.795356	104.3896775	79.70834397	70.76940789	63.25375241	52.88211359	46.9192911	39.30261266
521.1111111	98.21939081	116.8985429	105.3832522	80.46472301	71.43988086	63.8519975	53.38068387	47.36055672	39.67067954
523.8888889	99.14757234	118.0050661	106.3798316	81.22338951	72.11238149	64.45205181	53.88076194	47.80315683	40.03985953
