-55 481925
-54 447666
-53 416065
-52 386899
-51 359967
-50 335083
-49 312079
-48 290802
-47 271112
-46 252881
-45 235992
-44 220339
-43 205823
-42 192355
-41 179854
-40 168243
-39 157456
-38 147427
-37 138100
-36 129422
-35 121342
-34 113818
-33 106807
-32 100271
-31 94175
-30 88487
-29 83178
-28 78220
-27 73588
-26 69258
-25 65210
-24 61423
-23 57879
-22 54560
-21 51452
-20 48540
-19 45810
-18 43250
-17 40849
-16 38595
-15 36479
-14 34491
-13 32624
-12 30869
-11 29218
-10 27666
-9 26205
-8 24830
-7 23535
-6 22315
-5 21166
-4 20082
-3 19060
-2 18097
-1 17187
0 16325
1 15515
2 14750
3 14027
4 13344
5 12698
6 12087
7 11508
8 10961
9 10443
10 9952
11 9487
12 9047
13 8629
14 8233
15 7857
16 7501
17 7163
18 6842
19 6537
20 6247
21 5972
22 5710
23 5462
24 5225
25 5000
26 4786
27 4583
28 4389
29 4204
30 4028
31 3861
32 3701
33 3549
34 3404
35 3265
36 3133
37 3007
38 2887
39 2772
40 2663
41 2558
42 2458
43 2363
44 2271
45 2184
46 2100
47 2020
48 1944
49 1871
50 1801
51 1734
52 1670
53 1608
54 1549
55 1493
56 1439
57 1387
58 1337
59 1290
60 1244
61 1200
62 1158
63 1117
64 1079
65 1041
66 1006
67 971.2
68 938.2
69 906.5
70 876.0
71 846.7
72 818.5
73 791.4
74 765.3
75 740.2
76 716.1
77 692.8
78 670.5
79 648.9
80 628.2
81 608.2
82 589.0
83 570.4
84 552.6
85 535.4
86 518.8
87 502.8
88 487.3
89 472.5
90 458.1
91 444.3
92 430.9
93 418.0
94 405.5
95 393.5
96 381.9
97 370.7
98 359.9
99 349.4
100 339.3
101 329.4
102 319.9
103 310.8
104 302.0
105 293.5
106 285.3
107 277.4
108 269.7
109 262.3
110 255.1
111 248.1
112 241.4
113 234.9
114 228.6
115 222.5
116 216.6
117 210.8
118 205.3
119 199.9
120 194.7
121 189.6
122 184.7
123 180.0
124 175.4
125 170.9
126 166.6
127 162.4
128 158.3
129 154.4
130 150.5
131 146.8
132 143.2
133 139.7
134 136.3
135 132.9
136 129.7
137 126.6
138 123.5
139 120.6
140 117.7
141 114.9
142 112.2
143 109.6
144 107.0
145 104.5
146 102.1
147 99.73
148 97.43
149 95.20
150 93.02